8
9
12
13
15
22
24
39
42
72
80
105
106
110
113
121
175
176
179
188
198
200
211
220
229
239
241
256
260
266
270
272
274
282
300
303
306
316
321
332
335
336
350
354
366
389
416
417
419
425
450
454
465
471
474
481
491
508
512
525
532
541
543
552
553
555
557
565
569
588
597
609
614
625
629
640
649
652
655
657
665
672
674
684
715
725
727
728
734
742
753
759
762
771
773
775
777
779
788
794
795
796
797
800
801
824
825
826
833
836
851
867
868
869
872
878
883
884
887
888
892
893
906
917
918
922
924
929
938
949
950
952
958
959
971
974
979
986
1006
1010
1014
1019
1021
1022
1035
1057
1073
1095
1104
1109
1115
1131
1145
1183
1184
1196
1212
1246
1248
1268
1296
1303
1317
1319
1391
1420
1493
1496
1547
1559
1561
1563
1578
1593
1614
1635
1636
1649
1650
1667
1705
1706
1725
1737
1743
1760
1777
1801
1807
1828
1831
1845
1850
1860
1869
1891
1894
1896
1898
1920
1928
1930
1931
1970
1976
1979
1983
1990
1998
2003
2007
2015
2022
2027
2034
2038
